[3938]	8	start	18445016301
[3938]	8	end	18445336148
[3937]	4	start	18445340196
[3937]	4	end	18445500111
[3936]	1	start	18445504122
[3936]	1	end	18445544249
[3934]	20	start	18445548248
[3934]	20	end	18446348339
[3935]	16	start	18446352351
[3935]	16	end	18446992087
[3933]	12	start	18446996100
[3933]	12	end	18447476410
[3938]	8	start	18447480398
[3938]	8	end	18447800239
[3937]	4	start	18447804288
[3937]	4	end	18447964200
[3936]	1	start	18447968215
[3936]	1	end	18448008324
[3934]	20	start	18448012346
[3934]	20	end	18448812464
[3935]	16	start	18448816473
[3935]	16	end	18449456146
[3933]	12	start	18449460165
[3933]	12	end	18449940042
[3938]	8	start	18449944041
[3938]	8	end	18450264436
[3937]	4	start	18450268426
[3937]	4	end	18450428380
[3936]	1	start	18450432395
[3936]	1	end	18450472475
[3934]	20	start	18450476571
[3934]	20	end	18451276147
[3935]	16	start	18451280097
[3935]	16	end	18451920416
[3933]	12	start	18451924427
[3933]	12	end	18452404205
[3938]	8	start	18452408220
[3938]	8	end	18452728089
[3937]	4	start	18452732141
[3937]	4	end	18452892098
[3936]	1	start	18452896139
[3936]	1	end	18452936281
[3934]	20	start	18452940314
[3934]	20	end	18453784401
[3935]	16	start	18453788407
[3935]	16	end	18454428082
[3933]	12	start	18454432097
[3933]	12	end	18454912433
[3938]	8	start	18454916442
[3938]	8	end	18455236354
[3937]	4	start	18455240386
[3937]	4	end	18455400270
[3936]	1	start	18455404283
[3936]	1	end	18455444385
[3934]	20	start	18455448422
[3934]	20	end	18456248130
[3935]	16	start	18456252113
[3935]	16	end	18456892340
[3933]	12	start	18456896326
[3933]	12	end	18457376109
[3938]	8	start	18457380116
[3938]	8	end	18457700502
[3937]	4	start	18457704479
[3937]	4	end	18457864504
[3936]	1	start	18457868012
[3936]	1	end	18457908120
[3934]	20	start	18457912130
[3934]	20	end	18458712100
[3935]	16	start	18458716081
[3935]	16	end	18459356325
[3933]	12	start	18459360348
[3933]	12	end	18459840076
[3938]	8	start	18459844084
[3938]	8	end	18460164509
[3937]	4	start	18460168478
[3937]	4	end	18460328403
[3936]	1	start	18460332413
[3936]	1	end	18460372040
[3934]	20	start	18460376052
[3934]	20	end	18461176244
[3935]	16	start	18461180258
[3935]	16	end	18461820462
[3933]	12	start	18461824482
[3933]	12	end	18462304251
[3938]	8	start	18462308277
[3938]	8	end	18462628083
[3937]	4	start	18462632092
[3937]	4	end	18462792091
[3936]	1	start	18462796170
[3936]	1	end	18462836210
[3934]	20	start	18462840220
[3934]	20	end	18463640436
[3935]	16	start	18463644451
[3935]	16	end	18464284217
[3933]	12	start	18464288211
[3933]	12	end	18464768026
[3938]	8	start	18464772014
[3938]	8	end	18465092395
[3937]	4	start	18465096379
[3937]	4	end	18465256308
[3936]	1	start	18465260322
[3936]	1	end	18465300418
[3934]	20	start	18465304433
[3934]	20	end	18466104252
[3935]	16	start	18466108269
[3935]	16	end	18466752219
[3933]	12	start	18466756228
[3933]	12	end	18467236008
[3938]	8	start	18467240018
[3938]	8	end	18467560381
[3937]	4	start	18467564400
[3937]	4	end	18467724402
[3936]	1	start	18467728416
[3936]	1	end	18467768046
[3934]	20	start	18467772059
[3934]	20	end	18468572215
[3935]	16	start	18468576247
[3935]	16	end	18469216463
[3933]	12	start	18469220473
[3933]	12	end	18469700367
[3938]	8	start	18469704355
[3938]	8	end	18470024252
[3937]	4	start	18470028267
[3937]	4	end	18470188236
[3936]	1	start	18470192248
[3936]	1	end	18470232357
[3934]	20	start	18470236366
[3934]	20	end	18471036133
[3935]	16	start	18471040139
[3935]	16	end	18471680511
[3933]	12	start	18471684544
[3933]	12	end	18472164077
[3938]	8	start	18472168311
[3938]	8	end	18472488216
[3937]	4	start	18472492229
[3937]	4	end	18472652153
[3936]	1	start	18472656161
[3936]	1	end	18472696289
[3934]	20	start	18472700323
[3934]	20	end	18473500474
[3935]	16	start	18473504472
[3935]	16	end	18474144248
[3933]	12	start	18474148225
[3933]	12	end	18474628029
[3937]	4	start	18474632060
[3937]	4	end	18474792469
[3936]	1	start	18474796448
[3936]	1	end	18474836055
[3934]	20	start	18474840097
[3935]	16	start	18475068225
[3935]	16	end	18475708407
[3933]	12	start	18475712417
